68 30 82 95 92 69 73 98 92 84 4 7 7 22 72 47 97 87 11 41 94 44 54 11 15 62 55 12 3 73 69 70 3 49 65 95 18 36 93 8 19 95 15 25 17 86 72 14 71 80 52 66 22 7 76 36 66 29 48 68 2 15 36 5 63 98 99 79 32 90 86 50 85 98 75 1 85 45 12 54 23 64 20 44 68 93 80 34 20 26 99 22 40 33 26 1 31 23 77 62 
8 16 9 22 46 31 14 20 33 85 14 81 61 19 33 86 69 84 29 2 52 78 18 24 32 91 90 86 46 31 25 53 46 32 75 89 60 86 10 92 70 21 71 29 39 4 15 7 85 42 8 37 18 23 61 50 12 51 36 57 79 59 10 25 88 82 15 48 67 22 40 35 42 11 63 79 12 75 85 97 15 90 32 33 13 90 80 24 40 14 80 19 72 87 42 58 68 54 6 33 
9 67 87 38 29 57 41 9 58 96 31 86 18 39 18 41 38 19 39 1 16 42 96 69 52 43 7 86 5 80 53 13 45 38 50 74 92 91 80 50 85 11 34 3 47 49 42 84 67 80 82 80 23 79 49 74 20 53 58 23 33 9 33 78 44 83 50 36 72 30 84 55 40 16 56 86 65 97 70 30 77 50 11 97 27 57 69 45 11 27 67 43 33 99 21 76 80 70 11 52 
34 66 31 52 87 72 89 93 59 11 81 2 90 73 73 47 25 49 17 62 80 3 29 73 4 53 37 63 77 37 34 11 3 62 62 88 32 49 79 90 60 61 89 50 32 63 96 54 10 12 16 88 12 43 61 15 95 96 75 71 33 7 81 34 69 42 20 98 90 98 87 48 57 76 95 87 37 90 41 47 99 57 35 11 99 93 23 92 89 96 63 21 3 43 52 71 82 69 70 70 
32 75 39 78 19 88 92 49 38 14 91 77 61 77 63 80 31 84 58 51 19 62 6 10 12 14 20 56 24 24 47 55 96 85 31 16 71 24 62 7 35 51 83 95 26 45 73 56 29 32 6 45 91 11 52 1 22 72 54 46 95 1 98 92 84 28 6 53 49 65 58 83 16 41 76 42 83 48 95 10 77 1 54 66 10 5 66 31 76 20 74 69 18 71 59 99 98 64 53 47 
87 32 65 35 48 59 38 54 6 87 1 23 53 61 3 73 18 2 42 63 80 23 29 44 98 65 17 99 66 28 37 51 59 1 84 5 57 22 58 62 7 57 84 57 16 84 30 33 83 70 94 63 92 23 5 90 87 21 87 51 46 25 1 6 23 84 8 79 4 66 41 10 21 23 64 36 5 92 68 87 62 60 50 54 83 54 43 68 72 30 20 18 52 18 21 74 99 29 53 3 
69 18 45 46 4 3 15 91 95 73 3 43 1 81 87 85 31 83 38 21 86 2 75 53 6 5 45 94 32 1 58 2 16 2 45 17 4 59 8 97 33 9 40 31 89 25 14 20 9 52 39 94 51 14 45 57 16 90 49 45 88 5 46 2 4 91 18 6 48 24 3 78 32 40 10 19 64 23 39 70 72 77 65 24 88 10 78 2 97 25 46 83 29 90 84 31 79 3 36 27 
85 52 73 39 39 64 28 4 15 34 44 94 28 86 24 67 82 6 92 10 29 50 88 2 97 64 36 61 64 52 27 49 3 97 87 41 62 13 43 74 46 84 68 72 71 91 39 53 97 31 62 24 78 49 24 74 13 57 35 76 9 59 23 9 56 9 48 18 21 88 92 67 72 60 39 43 50 75 93 45 4 56 66 80 3 89 54 13 46 86 87 53 45 10 61 98 18 7 15 39 
10 69 68 23 55 90 72 24 70 64 21 71 54 78 50 50 71 70 15 71 13 22 64 98 38 40 47 97 50 17 39 60 85 7 80 38 94 50 59 64 15 79 33 68 56 80 16 25 50 29 95 63 50 57 59 87 95 4 83 45 20 22 3 3 26 83 41 20 33 99 82 45 77 13 11 33 93 25 57 43 53 50 4 1 6 60 87 1 63 70 45 82 89 48 83 15 29 24 33 59 
53 75 78 70 77 12 38 6 6 78 39 89 75 15 43 91 61 93 73 23 87 89 77 41 28 11 65 74 37 85 39 89 60 15 60 35 26 97 41 29 76 77 19 51 89 61 40 48 53 13 70 40 1 47 78 28 55 43 1 91 26 37 81 84 51 39 17 74 34 55 4 10 32 20 58 21 80 97 69 31 9 37 68 9 84 46 34 37 89 32 29 13 68 8 96 17 46 14 89 77 
86 56 49 92 18 92 68 30 62 40 71 94 25 60 61 53 71 29 47 2 15 43 36 12 44 42 98 48 6 90 72 89 44 19 81 62 9 47 89 69 85 58 63 10 16 22 62 86 49 9 88 61 52 22 72 93 63 68 39 66 56 9 55 1 25 35 62 32 81 49 1 66 7 61 75 23 81 37 7 30 44 92 90 93 15 61 86 75 29 24 40 85 30 94 85 55 29 45 86 9 
74 19 57 83 3 76 23 94 98 90 97 24 15 36 88 7 63 27 59 85 95 10 97 63 87 72 68 10 27 96 18 98 15 72 79 15 49 99 10 47 88 5 68 3 38 56 8 99 80 66 84 75 75 81 38 61 52 5 70 76 1 87 72 13 60 51 28 7 49 37 53 37 39 20 37 74 75 42 73 54 8 56 29 81 35 65 40 84 69 8 60 69 92 32 81 50 81 9 56 30 
75 71 78 44 73 92 42 46 59 14 52 77 68 61 7 85 41 27 23 99 10 47 9 44 61 40 89 53 94 98 56 69 67 32 14 41 22 55 86 79 67 36 56 33 97 60 19 36 87 41 35 94 85 41 39 46 81 26 96 73 22 50 42 88 81 53 29 2 9 14 80 73 49 34 6 46 94 22 81 79 60 14 73 45 55 10 88 34 33 84 7 54 34 48 43 14 99 69 13 8 
37 88 58 8 86 49 99 28 36 84 7 75 65 3 24 1 26 91 90 98 77 4 55 95 89 19 30 28 37 55 72 71 41 28 79 25 77 76 50 13 60 57 85 23 57 10 23 83 1 14 79 75 17 34 68 7 51 98 32 87 53 2 58 92 29 35 17 6 12 67 17 71 24 2 92 78 11 13 61 9 26 38 82 41 72 50 45 21 48 74 6 99 75 63 91 4 98 6 10 10 
97 95 64 14 56 85 16 21 85 78 76 23 16 82 60 46 73 17 72 86 15 2 68 85 21 86 27 98 31 19 82 27 12 44 38 65 27 53 86 13 31 62 35 46 42 92 90 15 9 60 1 21 61 68 6 80 52 31 76 82 47 56 9 59 99 45 24 26 97 8 36 27 69 68 72 9 60 60 21 66 18 21 87 79 86 90 57 36 21 33 19 68 88 25 25 85 67 46 9 65 
38 28 34 89 62 70 89 71 33 48 25 8 86 20 97 3 45 32 9 67 4 65 65 68 86 57 74 4 72 29 73 8 54 8 95 14 75 84 83 6 30 8 13 17 27 9 19 71 40 26 38 41 90 2 9 77 58 81 80 28 8 51 36 62 58 31 75 34 13 58 39 43 63 50 59 87 56 75 56 93 1 92 34 89 91 41 66 49 22 44 76 29 94 10 88 51 38 62 82 51 
33 90 72 8 74 40 92 61 74 68 23 21 44 72 2 51 17 49 9 18 27 99 8 56 18 48 45 44 60 46 12 90 34 84 97 8 22 90 67 94 56 87 15 99 57 14 48 74 60 56 91 86 53 96 41 70 44 85 12 4 29 24 93 60 6 89 68 27 79 33 19 35 20 32 32 76 45 79 50 6 33 40 89 83 36 30 51 78 13 63 81 41 84 73 2 87 62 67 14 39 
79 67 93 91 12 59 87 40 11 95 95 38 53 76 18 41 65 89 38 34 58 85 66 65 29 70 23 22 24 41 22 2 7 13 90 16 72 75 56 80 69 51 18 22 25 35 62 90 23 98 22 80 81 88 45 8 56 65 30 78 7 51 77 11 63 67 26 33 42 81 13 9 32 31 30 55 63 90 43 85 86 64 63 67 50 7 75 7 71 5 84 75 53 61 85 14 26 10 47 65 
45 45 10 27 2 26 44 7 85 93 79 19 41 39 43 27 53 35 77 12 99 25 37 99 88 20 76 13 25 71 14 69 14 22 95 14 47 39 20 32 30 99 48 70 36 89 97 89 24 74 1 23 96 35 21 82 54 96 95 78 67 9 45 81 30 38 94 75 74 12 7 4 11 53 74 45 40 69 34 63 43 32 84 38 66 5 20 21 1 15 96 66 22 42 45 49 77 37 24 52 
97 43 11 93 76 50 44 2 29 20 5 94 84 90 86 64 78 90 35 42 62 6 69 14 34 84 9 31 82 34 11 80 75 21 73 49 70 15 49 96 35 53 89 19 41 75 82 19 63 15 58 26 21 28 37 54 12 43 82 93 75 93 73 50 12 44 98 80 59 47 76 91 97 65 8 38 39 87 57 2 2 13 25 22 40 62 76 51 3 58 45 77 49 16 25 59 58 24 39 17 
38 68 60 18 58 50 38 67 17 96 87 17 87 68 46 87 11 24 96 65 14 37 26 6 91 98 89 14 56 65 52 91 33 10 9 90 60 44 57 74 40 43 88 25 11 34 11 19 55 7 83 68 41 10 73 32 6 61 44 59 26 95 50 58 5 56 46 62 99 2 36 37 44 22 59 52 56 69 69 11 74 52 79 13 59 50 43 62 11 86 21 36 81 68 91 83 24 38 46 21 
45 8 69 4 11 50 99 74 87 21 3 49 70 92 24 79 9 68 74 11 60 18 96 98 7 39 35 19 19 33 57 62 40 25 65 49 74 63 21 59 83 23 6 53 13 29 30 22 95 4 32 53 20 28 49 26 64 82 44 83 15 98 43 55 21 8 4 92 68 22 50 52 45 55 3 57 82 33 78 75 34 8 28 53 33 76 76 97 56 18 78 71 17 21 26 35 26 27 28 94 
70 62 73 70 82 60 13 9 4 81 76 66 17 37 81 32 59 7 60 47 17 65 23 90 51 90 38 14 89 23 98 57 84 71 27 65 29 38 71 31 19 47 96 33 82 75 64 41 79 22 85 95 86 8 83 36 98 21 49 85 43 46 40 26 15 65 90 44 3 59 74 19 7 68 49 86 41 11 27 20 32 13 15 19 18 97 54 14 16 1 96 58 46 37 81 61 99 69 3 99 
33 49 62 20 78 97 83 95 99 31 76 55 81 88 43 9 55 82 73 51 85 95 55 67 32 17 56 60 29 44 86 61 92 48 80 68 43 63 63 42 92 37 94 73 24 37 79 78 17 50 29 2 45 81 68 74 97 24 33 24 65 19 84 55 64 62 24 8 24 84 47 16 20 40 86 43 76 65 21 91 14 47 92 56 28 59 29 23 82 61 47 48 77 29 1 39 91 24 46 13 
4 87 27 19 86 1 23 75 37 54 22 22 39 56 74 45 81 48 41 42 86 23 25 42 84 9 95 50 95 32 8 98 20 32 17 4 30 37 79 67 88 98 86 26 53 58 70 32 6 9 73 90 32 97 32 14 5 25 63 97 54 69 96 73 1 11 77 31 46 54 95 34 50 81 59 3 39 27 33 42 36 6 30 65 2 59 78 6 83 40 1 36 9 96 9 7 6 85 35 49 
1 32 48 30 7 15 67 92 38 88 24 45 49 76 63 38 34 16 56 82 28 86 48 70 42 83 97 32 46 98 45 47 28 90 74 34 3 42 26 38 28 47 82 76 21 44 13 54 59 68 35 84 52 82 52 93 66 49 26 12 46 68 56 73 59 31 8 61 70 31 99 97 78 79 72 98 23 84 51 80 52 83 62 4 65 13 96 29 61 20 41 7 88 94 78 45 25 85 4 94 
58 44 76 92 41 8 64 84 42 22 71 89 77 12 2 42 6 19 8 95 10 50 23 36 57 37 41 9 62 39 72 20 81 46 13 20 53 74 4 95 96 74 84 73 83 83 15 88 3 20 81 12 70 4 45 25 41 83 34 3 20 6 22 1 52 32 20 3 7 21 97 1 92 80 71 75 63 83 63 63 3 44 72 70 46 15 95 86 97 29 86 16 32 6 16 81 36 34 84 42 
44 40 17 27 93 19 84 54 33 84 83 12 86 60 94 73 6 21 32 14 68 90 66 51 21 22 28 47 3 56 9 46 95 26 72 86 42 54 40 72 38 22 82 23 81 76 93 84 94 25 95 62 13 60 14 33 81 39 79 83 94 85 27 87 9 96 71 49 51 10 19 86 29 1 9 10 77 2 91 69 24 87 32 36 47 43 66 26 79 43 10 72 27 34 57 33 31 27 81 79 
11 56 78 11 47 64 67 19 54 93 66 62 83 24 15 93 48 66 45 34 1 80 52 84 76 73 40 70 68 63 73 76 20 49 85 64 11 52 81 65 45 47 27 26 70 39 17 17 6 60 50 6 40 99 88 14 72 26 83 38 87 55 14 5 2 96 66 13 46 47 75 88 94 99 12 62 39 29 78 42 88 26 45 26 25 33 37 96 57 20 32 42 72 44 46 72 40 12 84 86 
58 55 3 81 50 93 16 66 1 70 61 54 6 12 22 26 67 12 83 42 68 35 39 27 96 15 91 32 80 49 19 36 4 21 18 54 12 33 20 10 2 78 63 5 90 85 30 57 94 14 96 63 46 33 89 42 48 80 71 26 27 89 62 29 10 77 80 20 8 99 29 9 75 90 13 65 75 41 22 69 52 16 32 97 49 19 37 96 96 8 20 24 97 81 52 5 56 32 24 64 
18 25 15 7 57 6 19 58 56 82 30 7 20 84 23 77 29 46 52 72 72 67 51 64 79 50 53 41 89 44 76 5 66 90 9 23 93 27 81 47 7 11 52 25 92 72 2 19 18 51 90 88 18 39 52 95 86 3 36 73 44 12 75 11 99 83 31 93 10 12 38 15 20 89 39 10 62 38 28 77 88 16 63 4 55 16 98 41 16 35 15 60 44 89 68 44 71 98 35 78 
94 20 34 53 70 46 17 33 6 54 63 81 54 50 60 57 19 10 80 43 74 30 26 72 23 41 16 97 23 42 33 15 61 64 68 30 9 84 62 14 37 26 92 88 73 52 45 89 59 24 30 33 53 56 3 75 96 17 70 17 58 3 32 20 65 99 47 73 81 9 84 16 32 76 4 3 26 47 89 84 70 20 15 23 73 15 95 69 29 65 84 87 65 14 5 30 13 51 1 91 
70 32 1 89 78 11 58 78 37 62 65 17 24 39 64 41 59 11 22 18 92 16 6 43 37 97 95 75 24 90 17 91 21 15 80 98 23 36 76 60 98 42 76 22 78 40 62 36 48 81 53 40 96 56 81 32 53 76 7 74 64 21 65 84 36 44 80 58 79 55 16 75 94 91 96 70 29 56 6 76 35 56 15 30 12 95 59 62 71 65 36 33 83 2 16 19 43 95 75 22 
82 61 36 61 45 51 89 84 27 57 40 9 22 42 68 68 4 84 8 49 75 33 84 79 90 96 31 72 53 51 72 36 10 8 94 54 57 83 36 81 40 75 90 60 18 58 28 19 42 33 66 18 63 50 94 53 44 25 23 96 73 94 30 82 1 24 35 57 5 70 38 43 44 26 3 61 81 28 77 22 59 43 37 22 90 31 73 34 53 95 29 26 90 58 6 90 80 40 45 84 
44 95 83 71 29 27 36 3 60 10 22 34 9 83 26 83 78 68 85 83 74 1 20 38 30 89 81 20 98 51 34 40 46 18 11 74 42 46 74 2 53 95 35 61 79 61 45 57 27 28 38 98 27 57 36 54 44 15 71 42 65 6 79 11 21 90 82 62 34 57 63 85 50 97 46 29 56 88 85 81 15 24 77 39 78 12 90 21 26 61 60 91 64 40 99 84 28 82 44 61 
58 8 49 20 78 42 53 63 96 83 84 23 55 14 97 12 87 30 86 30 58 3 8 84 8 87 47 45 43 78 63 1 86 12 18 62 54 70 25 48 53 8 70 7 19 66 18 6 93 4 35 52 4 40 34 10 26 78 54 66 57 18 65 41 27 82 1 78 53 25 27 4 30 94 10 48 58 25 54 52 27 86 2 28 25 35 37 48 14 91 14 68 7 78 9 33 61 9 10 12 
71 72 77 8 67 73 33 86 99 15 62 70 37 21 11 53 86 31 14 23 90 85 96 67 57 12 51 86 96 51 29 65 21 6 72 88 77 3 74 76 15 34 44 52 55 55 5 39 83 16 62 73 98 56 38 55 66 88 39 62 37 67 25 56 71 97 44 48 97 16 22 13 49 65 62 2 20 64 41 3 79 1 73 75 56 12 30 22 97 68 81 33 33 7 88 2 2 30 47 96 
72 72 3 43 72 76 98 47 87 71 5 45 94 26 26 34 15 19 37 80 13 88 78 87 10 28 28 14 87 94 3 59 66 3 3 36 79 98 81 66 69 85 10 63 11 33 95 23 51 32 3 64 18 78 49 27 7 76 40 93 68 40 52 32 43 52 66 20 50 47 83 18 32 90 78 41 21 71 63 72 1 64 34 19 42 82 43 48 56 81 41 23 21 91 52 61 41 18 78 89 
23 56 20 44 15 17 98 29 45 34 10 51 59 49 20 97 54 22 31 96 69 55 24 66 27 38 11 97 94 93 54 15 47 73 59 60 89 57 88 34 88 95 83 48 42 3 43 95 22 72 90 91 27 12 55 51 49 66 46 43 57 1 56 5 73 15 64 61 69 50 92 57 45 75 3 87 76 44 80 97 16 70 86 40 79 40 88 28 6 34 69 62 34 25 64 8 37 26 66 4 
96 91 89 60 53 58 89 87 50 9 38 24 49 80 98 98 25 20 11 88 65 64 50 18 6 51 16 2 62 60 20 56 51 9 15 4 64 2 88 14 8 25 35 56 3 33 52 28 50 63 14 15 27 62 30 30 13 46 29 72 6 47 29 54 53 43 55 18 44 43 29 51 67 64 6 70 94 57 95 45 18 7 59 42 68 87 70 80 33 98 53 38 43 79 89 96 22 44 12 63 
85 51 93 47 75 1 19 90 60 80 93 38 49 80 49 69 94 87 77 66 65 57 44 53 73 9 39 40 45 23 96 28 72 88 74 47 88 91 36 46 69 27 83 18 7 30 84 98 17 59 63 79 16 7 32 89 14 70 27 58 91 23 84 61 11 56 6 96 45 41 40 14 66 21 29 72 51 13 69 65 72 32 45 85 36 74 72 49 43 98 6 34 22 89 92 30 43 97 25 88 
30 53 4 48 31 61 11 59 13 33 6 7 68 35 3 99 35 42 10 18 11 67 20 81 83 41 29 68 58 57 2 87 10 5 33 38 63 43 96 75 74 99 80 42 35 82 41 67 22 48 84 32 13 2 12 95 42 40 62 97 96 63 84 4 66 15 39 29 56 36 3 30 33 80 69 65 60 8 32 81 56 14 11 68 15 22 62 54 62 24 51 56 84 33 58 48 48 96 75 2 
59 16 41 91 39 1 72 45 67 22 17 84 25 63 31 24 77 30 12 94 48 73 25 46 33 55 23 64 25 69 68 83 83 7 73 22 5 43 64 72 64 78 54 88 42 84 10 19 15 21 11 60 92 33 6 25 88 29 86 11 95 54 93 78 59 64 1 63 7 62 33 68 41 86 55 80 71 64 96 83 83 7 43 75 38 47 99 26 73 83 36 68 35 27 47 93 91 45 55 95 
47 99 31 26 39 86 90 63 50 49 4 4 85 81 64 50 44 74 35 35 69 79 53 73 26 75 76 54 63 86 71 10 83 99 34 22 85 24 82 35 71 85 37 56 65 98 4 9 70 38 44 39 18 94 10 41 69 85 93 30 69 62 38 52 61 71 72 46 92 54 79 63 38 14 19 3 10 20 11 79 58 52 18 73 44 25 12 13 10 3 41 76 64 78 28 25 47 97 69 39 
61 93 55 98 3 37 38 21 75 61 20 76 59 77 82 98 30 16 67 41 39 58 43 57 9 12 69 46 75 95 83 36 86 39 32 88 73 69 9 48 30 29 22 88 4 3 84 32 16 52 72 54 10 16 10 16 27 78 59 1 74 41 34 58 79 66 47 52 35 55 97 63 81 18 51 85 18 34 17 33 85 88 86 92 2 93 9 27 72 65 27 44 6 60 2 82 26 48 34 59 
91 50 68 30 3 33 33 71 79 71 45 2 88 70 12 62 2 91 81 77 38 76 65 11 78 60 93 3 4 32 19 94 80 86 22 82 18 54 52 94 24 94 95 12 64 5 71 63 95 52 40 31 26 3 41 4 62 32 4 65 62 23 57 42 7 78 22 22 31 73 16 54 68 9 63 30 13 34 93 8 83 31 37 9 34 75 10 93 8 13 59 67 35 16 7 40 92 28 61 23 
39 33 3 75 12 13 25 2 32 98 72 4 17 1 21 62 2 95 26 23 29 23 79 43 65 58 39 33 30 49 90 66 82 90 42 93 1 64 92 32 61 62 35 77 62 54 40 62 49 65 84 75 85 62 16 51 18 53 81 47 2 71 11 83 60 50 74 58 15 65 88 75 27 21 50 87 74 87 49 22 51 31 96 36 92 13 86 8 63 68 54 64 37 65 48 96 13 20 53 27 
3 86 51 67 15 50 23 56 71 30 24 87 9 91 22 43 69 60 65 67 6 26 43 78 60 90 6 11 70 57 20 72 41 70 37 55 19 57 10 89 84 33 77 90 24 96 32 92 57 96 57 60 23 99 36 80 87 39 91 57 95 9 27 37 77 63 89 95 19 96 82 3 29 57 93 52 54 25 43 9 19 99 66 39 97 2 20 84 40 9 40 33 17 66 67 91 28 55 86 46 
25 16 18 3 76 94 10 97 73 97 12 1 53 63 60 94 7 7 8 91 14 35 51 5 67 82 47 69 11 42 45 34 57 61 36 31 55 43 28 28 41 37 27 91 99 86 84 4 93 91 95 5 24 44 10 88 26 54 58 37 93 3 70 48 63 4 78 18 46 5 44 84 41 70 74 39 56 58 42 47 47 37 52 70 81 61 59 5 13 17 41 6 17 9 53 78 12 29 93 56 
68 56 20 70 60 12 75 63 30 5 6 44 81 46 65 37 52 8 55 69 3 48 42 29 54 44 9 91 57 76 81 25 32 1 92 90 12 67 51 40 70 57 81 51 1 44 85 50 50 40 20 52 87 59 78 39 3 87 28 59 63 9 82 92 8 74 82 17 42 32 54 12 88 36 60 88 77 45 39 27 82 56 76 69 15 55 6 15 42 34 71 5 40 53 94 45 28 75 62 67 
95 1 40 24 15 98 14 10 91 45 14 9 35 87 18 5 29 34 72 85 2 21 57 29 50 62 2 46 69 40 71 64 38 11 85 52 10 97 61 98 42 72 8 74 58 25 78 86 58 48 70 58 68 27 84 19 86 84 64 55 24 35 17 59 44 3 10 51 99 68 47 39 41 54 11 98 77 89 84 33 35 54 90 2 78 73 20 64 57 81 17 78 14 32 35 55 32 44 4 31 
75 8 88 37 14 22 97 41 6 25 6 59 47 2 15 65 29 43 20 52 38 87 28 29 62 67 2 78 79 27 24 54 34 10 91 45 29 86 85 33 9 89 89 54 88 4 19 17 45 38 66 82 26 93 9 85 58 11 64 37 35 85 89 66 92 80 11 21 64 93 53 73 82 40 27 68 44 45 85 88 81 49 68 7 43 77 89 98 85 51 34 20 36 23 85 28 1 93 47 62 
26 50 22 11 69 67 32 66 75 97 15 50 98 42 31 42 6 76 24 86 45 28 18 60 25 26 74 53 72 99 83 98 49 3 7 16 70 39 80 43 36 94 92 34 36 22 74 40 95 95 26 41 21 41 98 45 67 72 96 37 71 77 33 19 79 40 32 49 78 12 90 14 5 80 45 38 99 17 77 95 13 1 34 33 42 32 76 7 3 70 41 71 47 74 89 26 12 22 73 87 
14 65 36 94 74 61 1 45 74 24 47 61 63 25 56 83 65 59 40 84 84 9 67 29 97 59 90 42 47 7 55 58 71 90 52 45 49 51 88 23 74 35 84 35 57 38 16 21 97 53 3 81 62 67 8 59 26 98 2 72 5 54 28 75 42 80 20 90 29 8 12 1 41 93 36 95 31 49 14 28 3 16 7 64 83 15 21 9 11 20 79 15 71 7 87 13 84 5 4 13 
71 36 15 85 12 36 56 24 29 64 42 54 95 62 48 56 48 53 34 75 91 19 18 2 16 65 31 73 10 70 84 78 6 96 61 18 33 17 39 59 80 79 13 74 41 60 30 88 11 61 61 2 77 78 4 91 41 32 64 48 99 46 25 5 43 85 20 73 3 57 32 80 36 43 52 76 1 79 62 12 40 23 11 18 98 12 7 40 43 70 85 42 14 10 45 56 93 64 29 93 
41 10 96 45 96 58 55 98 47 7 77 7 67 60 71 50 91 77 11 67 60 67 13 38 56 9 8 68 35 87 17 76 96 14 19 92 71 73 90 16 77 65 22 42 25 92 89 15 68 99 79 26 67 90 61 21 98 69 88 31 56 4 7 51 17 25 43 85 97 32 98 72 96 20 14 20 11 4 34 78 3 13 2 67 3 62 88 98 31 74 30 85 77 34 36 91 59 76 74 54 
6 13 37 67 5 98 40 78 20 56 28 63 85 20 16 75 94 95 12 87 82 54 3 3 66 16 12 18 93 8 91 97 18 29 64 20 25 2 98 44 58 24 7 41 41 20 16 34 14 25 19 95 76 21 95 41 34 6 58 26 13 47 23 28 75 84 48 97 85 44 41 41 65 45 81 7 63 94 38 76 18 56 69 93 74 62 34 8 67 89 31 77 37 53 6 10 35 51 8 21 
33 65 37 63 22 21 2 58 36 6 43 10 94 38 2 65 38 29 17 46 34 3 73 82 61 77 97 88 99 42 43 30 5 79 92 26 99 94 81 33 97 22 41 91 60 42 55 95 70 71 41 3 72 13 82 31 89 79 17 86 19 59 16 23 38 7 46 35 98 25 68 95 47 7 85 5 48 40 99 17 9 38 17 78 50 98 9 37 76 25 23 94 83 37 16 19 43 59 54 41 
88 23 88 31 32 99 89 54 3 64 35 50 25 52 17 37 57 10 81 21 82 92 70 25 92 44 62 28 9 40 85 96 60 73 25 90 70 12 44 70 73 76 20 97 29 34 32 83 41 11 2 23 4 70 45 93 14 8 19 20 45 4 14 4 75 38 93 43 47 35 14 20 11 31 15 39 63 45 20 4 55 20 25 56 89 69 47 1 74 66 21 20 69 34 23 42 70 14 85 17 
36 93 21 98 21 94 77 15 39 53 25 71 80 61 33 38 4 97 18 70 7 30 64 18 25 84 23 19 59 60 16 92 52 34 90 72 29 67 86 65 18 9 35 96 70 67 34 73 62 51 42 67 78 4 84 2 88 7 18 45 65 33 37 17 64 25 86 92 92 70 56 8 78 90 4 48 57 36 20 18 86 61 84 63 62 68 64 50 72 81 92 37 12 27 53 75 52 39 66 44 
73 25 43 74 17 18 47 30 76 24 56 40 4 74 22 28 69 60 85 1 47 3 98 11 12 6 36 30 84 53 9 57 75 52 31 91 69 77 19 45 98 72 83 3 46 5 30 13 64 15 14 9 16 10 19 25 15 55 54 98 6 63 53 78 13 83 67 81 59 85 25 57 57 6 57 2 10 87 14 71 2 27 79 17 35 95 41 49 48 93 46 53 54 98 31 66 80 97 45 37 
10 52 75 83 78 85 98 71 25 74 19 52 83 2 67 47 53 70 17 68 35 43 94 75 47 41 91 96 86 34 83 96 83 59 79 61 44 75 33 67 49 49 17 30 51 81 74 2 49 91 67 82 32 61 57 79 2 46 75 86 77 56 82 60 15 59 20 57 35 50 22 81 98 38 10 47 17 83 48 66 72 16 46 5 74 1 81 76 46 54 60 21 10 40 80 25 98 97 81 31 
63 16 70 3 29 64 30 31 52 4 79 32 34 77 63 46 44 40 41 19 56 25 19 37 39 65 15 78 14 37 23 76 53 92 78 79 56 6 11 6 9 87 37 40 65 97 85 7 36 25 25 89 47 42 27 85 5 41 61 18 77 83 93 28 75 69 8 30 74 16 33 81 1 68 19 63 63 5 69 98 29 92 86 73 32 13 58 36 53 20 52 28 1 43 56 76 13 61 4 84 
96 14 61 28 20 70 2 83 28 80 45 95 71 57 78 16 78 28 5 34 4 91 59 48 99 16 71 27 76 53 3 72 64 62 97 81 30 99 65 57 77 8 52 49 64 29 62 40 54 67 74 58 56 31 4 54 46 74 78 20 26 80 90 89 40 87 71 69 86 34 25 64 41 74 11 5 3 72 44 57 37 16 13 91 46 16 45 90 88 23 10 14 1 99 3 41 85 71 8 71 
96 38 22 79 12 33 90 59 35 15 60 68 30 20 82 20 44 23 67 76 17 36 69 66 80 7 2 4 76 95 59 70 32 80 47 43 11 35 2 43 50 60 12 77 79 93 94 23 14 62 98 28 97 67 93 75 73 94 78 47 88 35 16 20 15 62 62 24 95 62 66 45 22 77 22 1 69 17 22 80 76 20 9 73 85 2 46 56 94 24 4 82 57 17 2 71 76 61 92 71 
99 58 54 10 75 41 63 89 63 47 38 39 47 82 89 29 40 54 52 99 45 43 37 45 48 91 50 54 31 92 88 28 50 42 37 25 82 97 13 44 44 48 80 91 30 69 18 68 21 67 67 65 10 2 9 57 93 58 10 22 50 97 49 99 37 86 22 18 83 32 61 28 79 41 17 8 8 34 75 29 1 40 91 8 41 99 63 32 57 72 53 5 67 3 4 4 86 26 21 69 
64 94 97 5 86 69 24 33 53 59 44 70 8 97 90 65 40 92 36 20 35 43 7 42 68 47 36 24 5 46 67 66 38 62 68 25 32 91 55 84 51 99 52 56 94 42 20 33 34 53 50 66 93 56 7 61 1 40 83 3 83 50 66 22 12 34 44 41 25 98 25 73 95 76 28 88 18 47 21 50 99 70 14 92 24 18 52 24 58 33 24 41 82 89 60 91 23 4 33 45 
78 43 98 88 37 39 87 19 88 92 14 58 87 78 77 87 51 72 71 58 82 21 56 95 12 57 13 19 1 77 95 78 20 91 66 54 30 52 70 19 42 81 74 27 60 51 14 9 21 82 64 3 1 18 96 12 74 7 31 74 83 24 50 1 16 15 55 45 64 25 61 6 7 33 33 64 81 44 70 2 27 34 3 25 52 96 37 24 3 65 96 85 88 46 83 2 58 38 45 22 
80 81 8 6 93 52 98 68 76 72 90 83 38 7 74 95 48 93 21 52 41 34 94 39 9 59 34 92 64 22 54 45 2 59 50 92 11 49 58 84 19 48 65 57 53 37 50 98 30 70 49 69 4 41 8 13 99 39 3 62 59 54 7 60 13 54 52 21 1 10 3 18 55 67 74 6 4 24 5 32 92 51 1 93 91 8 4 91 47 7 53 4 60 57 63 73 9 13 91 10 
63 60 66 5 83 84 72 91 16 68 90 69 31 92 10 5 66 50 98 53 21 27 86 51 27 91 98 6 52 17 46 13 75 13 16 58 94 87 49 10 53 40 77 84 30 86 86 96 37 83 49 55 10 35 7 34 25 5 37 74 20 83 86 94 93 2 52 87 87 98 95 40 36 72 22 66 56 9 62 90 89 9 46 96 42 50 30 64 52 67 38 69 48 22 63 39 22 13 24 9 
15 70 30 9 38 42 14 85 93 53 97 66 4 30 75 6 76 59 65 79 75 97 93 90 29 97 20 24 53 39 62 67 9 89 73 45 31 84 30 23 37 27 86 39 54 59 42 30 19 8 7 91 3 1 81 31 95 98 52 48 36 14 13 44 4 83 88 32 67 16 52 3 40 38 39 93 97 80 22 14 85 28 3 87 26 84 17 22 80 66 67 16 80 80 58 81 63 44 11 29 
64 3 43 20 59 68 1 6 30 95 71 4 76 48 36 25 7 52 83 97 38 40 81 9 37 74 1 14 96 22 2 59 23 43 78 79 11 79 84 40 74 54 41 48 2 76 72 8 29 56 3 66 95 81 72 30 55 70 41 50 92 43 9 13 83 86 91 93 63 73 32 36 27 72 83 26 47 54 31 73 10 32 37 3 13 10 30 66 79 68 16 69 9 24 79 91 8 68 85 71 
45 18 53 46 98 69 57 43 53 26 28 32 79 96 47 12 99 62 98 79 48 77 64 51 34 97 12 15 4 66 53 46 83 4 92 80 72 49 21 25 74 49 55 52 43 99 63 40 59 61 19 7 36 83 55 70 78 66 84 82 33 35 28 14 36 20 91 6 67 13 31 39 59 83 90 99 82 53 40 41 12 58 45 48 39 99 18 18 66 99 99 98 33 25 10 68 43 99 72 10 
87 58 9 73 12 68 78 65 47 47 80 61 93 15 19 19 62 58 41 78 55 74 90 95 39 30 12 28 7 69 96 93 26 3 64 35 70 42 97 15 86 75 73 77 89 91 95 51 48 37 27 3 9 17 95 47 46 8 72 52 74 68 43 97 68 7 30 36 46 28 51 33 3 22 10 90 14 4 41 59 38 68 61 46 84 57 91 31 62 63 80 34 30 24 30 97 30 59 32 76 
83 53 28 84 15 3 86 57 38 72 67 26 89 96 38 14 21 66 53 11 32 69 71 29 10 82 58 2 32 33 53 14 84 78 97 98 80 81 53 16 53 20 40 41 16 77 52 34 43 3 45 72 71 14 2 78 95 59 78 26 89 31 37 73 9 34 69 87 15 22 1 65 40 40 4 53 15 54 87 55 56 30 28 26 41 29 4 35 85 81 58 74 10 94 48 17 28 17 4 40 
4 24 20 9 75 32 96 58 95 32 10 22 62 44 82 10 90 40 40 86 85 41 74 44 29 99 41 6 45 9 84 46 31 4 53 6 34 49 61 29 79 68 48 41 12 30 48 99 68 86 83 53 25 57 94 53 55 35 56 99 41 40 43 71 42 95 75 75 43 34 2 22 3 49 60 12 76 7 10 44 90 92 96 15 50 90 65 3 23 22 2 62 59 42 33 1 36 6 75 78 
73 36 74 12 66 46 99 62 87 64 48 94 52 72 66 68 34 40 54 40 88 48 66 59 36 66 1 31 17 9 3 88 44 74 97 9 19 94 68 6 57 16 99 9 85 63 74 19 3 26 56 88 73 23 48 7 88 48 37 4 56 39 89 98 14 86 5 32 80 72 35 37 88 32 43 73 95 15 90 97 40 46 86 13 66 32 19 55 79 55 56 33 92 45 29 4 29 33 33 9 
52 50 67 35 19 13 64 44 95 36 94 30 29 86 87 48 31 79 35 39 47 56 55 38 84 83 41 81 28 31 74 79 81 41 14 97 53 75 42 46 9 34 75 37 20 62 82 50 41 18 87 85 73 42 21 55 25 61 37 50 92 9 27 71 49 40 68 99 13 8 45 21 41 20 55 58 80 37 7 19 54 93 5 26 33 25 78 55 84 15 5 74 21 31 43 69 68 9 66 80 
93 76 98 7 91 27 19 16 53 81 88 70 28 69 77 61 29 95 29 11 20 88 26 21 8 88 65 14 41 72 39 32 48 35 36 38 59 53 51 12 34 39 81 59 6 56 18 34 49 47 45 68 35 70 86 43 56 51 54 94 21 91 27 69 26 60 7 85 13 55 94 44 93 76 2 99 30 19 33 79 65 75 45 98 43 32 39 99 80 92 91 2 83 18 70 8 78 74 90 88 
84 63 72 10 43 78 48 95 42 37 68 23 95 4 74 42 21 64 66 51 38 26 7 28 7 86 94 13 49 37 66 31 98 36 39 41 14 86 34 56 21 99 78 14 3 51 56 24 15 20 72 53 45 78 78 49 65 72 61 12 8 28 42 4 61 78 42 73 62 75 29 83 75 5 94 75 53 48 96 68 67 69 21 11 45 98 59 8 68 21 19 75 46 59 78 5 37 20 77 99 
33 8 23 34 47 25 68 93 88 73 2 66 58 41 31 7 24 13 79 72 74 56 76 80 4 35 70 57 51 52 89 81 59 12 16 7 36 81 97 22 54 98 86 10 39 17 16 63 27 93 33 1 49 9 81 51 44 51 6 92 3 94 72 60 4 87 66 40 68 61 61 20 60 47 27 96 61 41 59 87 34 91 88 80 98 67 29 40 18 34 32 18 26 4 77 28 88 41 67 54 
35 81 65 80 64 94 96 87 69 49 30 31 25 6 51 22 43 99 19 10 36 30 30 72 72 57 93 19 10 85 4 44 67 68 22 31 60 16 16 30 62 45 58 86 48 9 7 91 7 23 98 42 53 28 12 23 83 5 41 92 90 44 35 55 11 56 83 70 72 98 99 34 41 56 19 89 64 23 78 68 45 76 10 95 2 19 18 84 24 57 77 12 98 12 66 9 67 49 79 37 
13 62 5 26 90 14 70 62 47 35 44 15 26 49 1 65 93 97 37 2 66 72 72 1 47 87 61 18 49 96 16 61 58 20 87 46 32 55 8 78 87 50 90 14 96 89 76 89 86 14 89 51 85 59 49 30 45 10 45 93 7 58 54 62 78 39 9 8 92 14 85 79 63 73 90 59 62 67 47 49 78 34 97 61 92 46 88 37 55 34 28 59 91 80 22 67 19 28 74 9 
3 30 57 76 95 95 31 52 40 43 65 54 45 32 30 27 42 35 97 49 56 92 81 89 90 26 18 67 95 97 63 95 25 18 72 20 11 3 70 51 46 33 5 88 62 33 13 5 65 9 51 19 1 32 8 88 55 24 55 51 21 16 44 45 33 16 63 42 17 31 90 60 63 92 48 25 25 59 27 88 67 75 7 67 6 15 56 60 38 9 9 56 25 53 98 55 66 59 94 82 
82 49 21 23 43 46 11 37 86 50 64 77 85 61 63 14 91 45 25 69 84 75 1 24 4 81 49 97 78 29 25 60 78 43 80 19 89 88 55 75 39 18 51 22 78 14 35 67 59 60 36 43 33 34 64 36 13 13 33 90 41 56 49 17 98 29 33 87 16 86 63 54 4 12 73 79 25 9 46 83 66 79 24 98 13 85 32 23 97 62 12 39 18 60 53 17 86 86 2 2 
28 30 52 14 27 28 24 77 9 45 1 96 58 81 12 83 19 26 91 27 1 38 19 94 50 73 21 27 40 16 17 68 45 68 79 69 93 2 44 99 44 45 95 2 26 5 82 44 28 71 68 28 9 86 21 58 57 41 83 97 56 99 63 98 65 42 68 58 41 12 57 84 54 51 83 78 55 64 22 81 35 88 7 42 74 27 97 30 68 80 27 22 79 89 21 42 29 86 99 68 
4 47 43 4 85 53 56 39 74 33 74 42 67 36 15 21 51 41 63 79 92 56 88 8 55 90 81 57 7 31 93 11 75 35 14 60 85 67 98 59 1 72 1 67 9 16 86 57 54 47 37 45 4 23 52 56 14 33 11 20 61 3 30 37 37 41 94 20 9 93 77 7 63 77 71 69 90 55 25 45 3 59 89 4 81 39 57 92 71 65 13 30 67 40 64 2 81 59 22 87 
61 33 50 96 95 60 85 6 66 59 42 7 14 43 26 79 11 6 49 54 11 71 96 91 45 63 81 86 47 85 84 9 18 32 3 12 89 88 17 56 45 59 62 57 99 85 36 10 91 84 61 2 53 55 90 98 18 70 82 65 55 64 71 72 96 73 81 85 59 98 39 5 55 1 59 54 84 94 63 73 78 22 74 29 76 63 25 92 33 8 57 87 71 28 57 65 98 37 51 58 
97 93 80 97 3 4 29 13 84 69 62 15 25 91 32 91 14 7 19 6 4 91 94 41 30 91 1 38 4 74 59 98 66 39 96 66 40 23 78 25 89 38 37 13 30 68 4 43 73 20 48 74 11 40 15 39 31 13 76 32 85 33 31 51 71 25 15 10 45 93 34 35 31 68 47 58 37 48 1 8 66 47 81 76 84 95 15 14 7 89 45 91 22 73 40 91 95 54 98 41 
10 82 68 70 59 14 53 54 69 75 84 5 50 58 36 85 4 45 27 36 14 73 70 66 68 45 91 28 3 6 3 12 86 68 79 43 79 32 94 48 5 79 51 52 37 84 35 41 30 61 74 43 32 43 8 1 87 96 26 89 1 28 98 84 94 77 27 73 7 21 20 11 97 70 60 35 54 94 73 81 53 45 23 85 87 30 83 75 24 9 62 24 36 61 8 28 36 34 2 43 
77 27 40 80 5 69 83 91 69 58 6 97 95 78 73 12 70 75 28 77 9 96 86 32 28 7 45 74 37 58 72 12 82 12 92 84 78 73 76 47 31 79 42 24 55 16 33 25 88 58 2 96 55 85 29 82 91 71 56 26 27 26 37 9 35 27 92 13 99 66 57 28 45 99 51 97 13 83 22 1 42 21 94 96 6 21 78 94 91 32 20 18 56 57 24 90 83 15 2 81 
83 51 21 54 75 29 53 56 45 61 42 27 48 15 53 4 14 55 37 60 47 76 84 22 23 69 81 4 48 87 61 32 37 81 83 12 9 34 65 53 93 5 77 41 17 28 42 28 81 78 87 26 55 71 48 75 39 29 76 86 15 37 16 51 17 97 60 25 29 25 77 22 27 52 60 43 80 2 70 61 78 57 86 31 27 32 6 63 59 82 49 73 17 63 22 33 58 81 57 86 
77 2 48 68 24 13 16 27 98 58 86 84 90 62 3 82 22 41 19 71 46 73 67 52 13 98 98 39 37 88 22 12 89 68 79 12 80 93 36 76 49 22 61 39 81 61 21 3 99 38 71 43 11 37 94 23 35 92 61 69 79 81 81 68 49 58 77 27 51 13 1 99 32 59 37 13 20 55 13 17 92 84 60 3 21 54 24 53 45 82 23 24 61 2 91 8 59 67 34 9 
19 60 46 73 41 2 50 4 8 88 56 46 63 84 30 81 41 61 33 79 10 81 90 43 61 92 39 19 93 12 21 10 69 65 81 11 66 31 12 71 19 65 18 79 49 45 59 89 7 91 68 14 72 57 55 31 49 93 48 40 3 68 50 71 33 31 81 97 61 90 66 78 55 81 55 4 27 14 90 31 5 57 42 74 14 96 4 62 87 51 99 89 19 49 61 50 77 40 45 37 
48 74 73 19 77 89 47 41 12 12 24 43 73 31 89 93 87 2 84 64 7 97 79 71 17 52 67 10 96 41 27 42 13 98 61 89 87 8 31 96 17 54 39 90 82 28 83 68 29 65 32 36 61 9 5 77 58 69 85 55 10 10 94 20 8 55 10 92 61 40 88 77 91 25 65 71 52 46 39 79 12 71 13 70 79 15 45 38 83 30 90 90 38 82 10 45 38 19 36 98 
33 5 27 76 74 26 86 35 17 58 90 40 71 77 15 96 70 54 10 79 97 11 59 88 48 75 38 19 45 99 32 77 2 56 53 75 82 37 11 98 93 1 36 64 77 50 58 46 2 67 25 99 77 81 87 26 56 25 42 98 22 74 74 23 30 27 98 10 62 7 7 55 5 40 17 79 88 74 23 89 39 45 86 17 24 71 40 79 94 79 76 16 53 50 37 81 74 33 90 36 
50 43 48 10 26 14 80 31 31 29 23 85 9 49 35 91 11 89 82 80 28 16 25 68 67 7 13 44 15 65 72 64 6 18 71 32 29 52 60 58 78 80 43 86 30 78 75 38 67 56 16 92 71 40 60 36 44 70 77 58 33 49 20 39 65 90 68 93 40 26 51 17 6 92 3 33 68 76 70 33 32 83 25 3 23 82 37 66 52 14 22 82 61 41 19 24 30 84 17 69 
2 79 64 45 95 67 1 61 66 25 3 49 33 61 18 12 36 20 67 48 31 95 32 92 98 92 30 86 82 53 23 84 32 86 27 26 53 25 84 18 49 86 64 80 47 81 89 81 2 56 27 30 52 58 22 48 49 52 32 31 5 54 13 37 38 38 62 89 60 46 7 10 30 70 87 76 50 74 55 49 30 81 78 79 40 1 27 86 52 56 15 54 8 26 88 46 63 50 33 23 
52 57 12 40 37 71 63 35 8 98 75 75 77 29 39 79 82 96 75 59 99 82 24 25 10 64 78 88 85 80 46 38 37 55 75 72 25 